8.645050232497434095e+00
6.289475616741698971e+00
1.575903575864522566e+01
1.062431802535456882e+01
1.131773549035140114e+01
6.093744500329630220e+00
6.628006153628227537e+00
1.448605146997553383e+01
9.963685817635139941e+00
1.018666482308595533e+01
8.762130505439740702e+00
6.439859936354353387e+00
1.800000000000000000e+01
9.823330176052859741e+00
6.980366415805724145e+00
6.541781218130737763e+00
7.073788351682077646e+00
1.390765454375788579e+01
8.682205541324467646e+00
6.819773808157396644e+00
1.664157193898617493e+01
